34,2
10,17
10,31
10,132
10,125
10,260
10,312
10,67
10,2
10,3
11,19
11,13
11,11
11,15
11,20
11,21
11,25
11,24
9,7
8,12
8,10
8,15
8,5
8,2
8,3
12,2
12,1
12,3
20,2
20,1
20,3
37,3
37,2
37,1
34,183
34,182
34,181
34,180
34,179
34,178
34,177
34,176
34,175
34,174
19,2
19,1
34,173
34,172
34,171
34,170
34,169
34,168
34,167
34,166
34,165
34,164
34,163
34,162
34,161
34,160
34,159
34,158
34,157
34,156
34,155
34,154
34,153
34,152
34,151
34,150
19,3
34,149
34,148
34,147
34,146
34,145
34,144
34,143
34,142
34,141
34,140
34,139
34,138
34,137
34,136
34,135
34,134
34,133
34,132
34,131
34,130
34,129
34,128
34,127
34,126
34,33
34,32
34,31
34,30
34,17
34,16
34,15
34,14
34,13
34,1
34,3
11,26
11,14
